import math

M1 = [[0, 13, 10, 14, 13, 25, 26, 9, 33, 21, 25, 39, 16, 39, 17, 15, 18, 16, 9, 8],
      [9, 0, 22, 19, 35, 9, 35, 13, 24, 6, 36, 27, 38, 14, 32, 1, 21, 15, 20, 19],
      [4, 29, 0, 24, 10, 17, 34, 14, 25, 37, 31, 35, 28, 7, 35, 30, 30, 30, 40, 5],
      [14, 15, 26, 0, 8, 12, 29, 25, 19, 20, 5, 16, 18, 17, 38, 2, 4, 32, 10, 36],
      [20, 39, 20, 3, 0, 30, 19, 11, 40, 21, 21, 13, 12, 8, 6, 11, 13, 27, 18, 16],
      [32, 15, 31, 14, 20, 0, 15, 37, 22, 14, 39, 38, 21, 33, 38, 12, 29, 35, 38, 1],
      [21, 27, 29, 37, 32, 19, 0, 20, 6, 5, 30, 29, 32, 2, 34, 9, 16, 2, 6, 37],
      [7, 32, 28, 22, 18, 39, 16, 0, 16, 40, 32, 38, 14, 28, 17, 31, 3, 28, 11, 19],
      [38, 11, 6, 21, 14, 5, 13, 16, 0, 11, 17, 28, 19, 13, 31, 37, 9, 15, 28, 31],
      [40, 36, 3, 30, 2, 37, 26, 13, 33, 0, 5, 39, 25, 38, 36, 16, 29, 19, 22, 30],
      [17, 20, 39, 24, 17, 26, 8, 22, 25, 31, 0, 2, 35, 17, 9, 21, 17, 2, 30, 11],
      [18, 7, 26, 15, 1, 10, 33, 9, 17, 9, 15, 0, 20, 6, 34, 25, 37, 31, 34, 25],
      [20, 13, 6, 39, 9, 33, 7, 30, 6, 29, 13, 32, 0, 17, 34, 25, 37, 11, 16, 17],
      [11, 19, 24, 12, 37, 10, 37, 31, 26, 20, 39, 1, 25, 0, 25, 38, 16, 4, 12, 15],
      [31, 39, 37, 15, 17, 2, 26, 35, 10, 2, 21, 33, 40, 40, 0, 39, 23, 9, 16, 26],
      [5, 35, 13, 23, 31, 5, 25, 22, 35, 32, 32, 1, 5, 15, 2, 0, 26, 28, 34, 28],
      [11, 11, 26, 12, 36, 37, 35, 4, 16, 20, 33, 10, 20, 13, 17, 11, 0, 12, 10, 21],
      [11, 7, 2, 14, 24, 23, 9, 1, 33, 31, 33, 36, 9, 29, 29, 26, 18, 0, 22, 4],
      [35, 33, 26, 12, 11, 34, 36, 12, 19, 22, 29, 29, 23, 30, 18, 23, 23, 14, 0, 27],
      [31, 21, 29, 22, 22, 9, 19, 10, 8, 14, 10, 4, 22, 29, 1, 34, 23, 31, 9, 0]]

M2 = [[0, 32, 20, 12, 19, 12, 35, 33, 30, 34, 14, 38, 4, 38, 18, 39, 24, 29, 15, 14],
      [14, 0, 29, 15, 19, 33, 33, 39, 3, 37, 23, 16, 23, 33, 34, 10, 11, 38, 17, 13],
      [22, 2, 0, 38, 31, 37, 12, 9, 33, 1, 13, 31, 5, 28, 12, 23, 4, 10, 35, 18],
      [3, 37, 29, 0, 6, 37, 37, 28, 9, 34, 14, 27, 40, 24, 25, 31, 8, 39, 11, 38],
      [34, 22, 37, 15, 0, 20, 24, 35, 7, 16, 25, 28, 20, 40, 22, 1, 3, 34, 37, 39],
      [33, 3, 11, 7, 22, 0, 2, 36, 14, 5, 2, 6, 26, 37, 24, 13, 24, 18, 11, 11],
      [34, 7, 22, 22, 40, 34, 0, 25, 35, 40, 28, 23, 40, 13, 27, 36, 17, 37, 3, 20],
      [18, 13, 10, 14, 10, 15, 3, 0, 7, 20, 25, 4, 11, 13, 19, 22, 34, 31, 27, 17],
      [4, 19, 35, 3, 34, 7, 3, 16, 0, 21, 30, 31, 30, 32, 21, 13, 1, 13, 4, 24],
      [1, 35, 17, 20, 26, 7, 36, 36, 33, 0, 11, 1, 20, 3, 3, 31, 7, 29, 4, 29],
      [6, 26, 21, 26, 14, 36, 37, 26, 31, 37, 0, 23, 8, 17, 27, 23, 8, 36, 27, 33],
      [38, 1, 19, 13, 16, 33, 18, 8, 26, 28, 22, 0, 15, 35, 14, 32, 7, 17, 39, 39],
      [20, 9, 6, 36, 4, 27, 40, 33, 27, 28, 5, 14, 0, 36, 15, 3, 38, 11, 22, 22],
      [12, 25, 25, 11, 23, 6, 13, 37, 18, 31, 18, 31, 32, 0, 3, 7, 5, 26, 25, 15],
      [10, 12, 29, 16, 23, 29, 6, 16, 23, 20, 24, 27, 2, 9, 0, 25, 7, 32, 26, 3],
      [38, 13, 2, 38, 11, 26, 29, 18, 18, 26, 9, 13, 13, 1, 15, 0, 30, 24, 14, 34],
      [19, 9, 31, 13, 27, 29, 27, 26, 14, 16, 21, 3, 8, 37, 20, 32, 0, 34, 8, 8],
      [12, 33, 12, 8, 25, 2, 1, 6, 11, 8, 16, 9, 30, 29, 20, 9, 19, 0, 39, 15],
      [20, 32, 4, 28, 26, 3, 39, 8, 34, 33, 18, 13, 30, 10, 17, 32, 29, 34, 0, 3],
      [5, 36, 16, 28, 40, 38, 26, 18, 29, 26, 12, 38, 9, 10, 10, 29, 2, 24, 29, 0]]

M3 = [
    [0, 17, 33, 17, 7, 21, 33, 1, 5, 25, 20, 23, 21, 30, 36, 17, 5, 2, 21, 16, 4, 8, 8, 5, 32, 11, 2, 20, 6, 40, 9, 14,
     13, 10, 22, 25, 14, 36, 2, 38],
    [4, 0, 24, 39, 8, 14, 7, 19, 23, 24, 34, 40, 24, 21, 33, 29, 35, 37, 20, 17, 22, 24, 34, 20, 31, 18, 7, 18, 2, 30,
     16, 31, 12, 21, 18, 40, 9, 27, 38, 38],
    [4, 18, 0, 24, 35, 8, 17, 38, 40, 35, 3, 21, 17, 3, 16, 40, 5, 31, 16, 10, 26, 24, 20, 32, 5, 31, 18, 10, 13, 7, 12,
     40, 11, 5, 1, 27, 10, 38, 24, 25],
    [15, 3, 10, 0, 17, 10, 5, 10, 7, 37, 25, 13, 28, 38, 18, 11, 21, 28, 3, 13, 7, 7, 7, 18, 16, 22, 29, 37, 39, 9, 31,
     28, 31, 39, 1, 4, 38, 18, 8, 16],
    [33, 24, 7, 29, 0, 7, 16, 31, 26, 6, 14, 34, 11, 34, 8, 13, 8, 17, 30, 14, 4, 27, 23, 21, 32, 18, 31, 38, 13, 2, 6,
     20, 14, 20, 4, 22, 18, 9, 5, 23],
    [23, 7, 26, 4, 23, 0, 30, 14, 7, 23, 37, 18, 20, 19, 5, 6, 22, 15, 8, 35, 36, 34, 28, 10, 16, 23, 35, 23, 14, 40, 2,
     14, 4, 19, 23, 24, 1, 22, 35, 9],
    [35, 7, 30, 28, 3, 30, 0, 8, 23, 13, 20, 10, 28, 21, 30, 14, 39, 9, 22, 3, 16, 36, 7, 16, 9, 25, 25, 31, 37, 31, 12,
     33, 16, 28, 2, 36, 10, 26, 15, 26],
    [21, 36, 38, 22, 35, 38, 36, 0, 15, 7, 30, 3, 26, 20, 18, 39, 22, 32, 36, 15, 6, 13, 30, 22, 21, 9, 30, 30, 12, 25,
     25, 33, 37, 4, 19, 31, 15, 6, 5, 16],
    [9, 3, 33, 31, 18, 17, 8, 27, 0, 36, 35, 6, 31, 24, 3, 4, 17, 37, 33, 9, 2, 36, 24, 1, 19, 24, 29, 22, 21, 2, 11, 7,
     15, 33, 20, 26, 38, 32, 4, 26],
    [20, 32, 11, 38, 26, 23, 40, 8, 14, 0, 22, 40, 18, 12, 11, 19, 34, 8, 15, 22, 39, 16, 6, 32, 31, 36, 28, 14, 10, 39,
     4, 24, 2, 25, 12, 21, 20, 14, 31, 1],
    [17, 10, 31, 9, 38, 39, 9, 14, 4, 8, 0, 12, 30, 38, 34, 34, 2, 37, 32, 21, 2, 32, 12, 18, 36, 28, 21, 40, 34, 8, 6,
     11, 36, 30, 16, 29, 37, 25, 19, 14],
    [2, 22, 6, 38, 12, 19, 40, 24, 20, 17, 14, 0, 22, 25, 15, 19, 18, 21, 15, 36, 33, 27, 13, 36, 18, 2, 3, 9, 14, 32,
     8, 38, 11, 2, 21, 35, 10, 20, 35, 8],
    [14, 31, 6, 25, 35, 23, 15, 2, 6, 23, 14, 40, 0, 35, 3, 33, 35, 15, 6, 20, 36, 1, 2, 8, 10, 5, 14, 3, 29, 5, 35, 17,
     28, 25, 15, 7, 22, 6, 33, 31],
    [11, 9, 12, 35, 16, 9, 35, 8, 32, 32, 15, 11, 4, 0, 1, 2, 10, 5, 27, 21, 7, 23, 20, 14, 30, 15, 37, 17, 11, 18, 35,
     36, 11, 36, 38, 13, 20, 12, 5, 8],
    [25, 26, 35, 15, 39, 8, 8, 35, 10, 28, 14, 27, 40, 17, 0, 3, 17, 25, 26, 3, 19, 1, 28, 6, 39, 11, 5, 26, 3, 22, 37,
     16, 32, 9, 19, 34, 27, 26, 29, 24],
    [31, 11, 8, 3, 33, 28, 13, 22, 20, 26, 13, 9, 12, 8, 13, 0, 18, 38, 13, 30, 32, 4, 33, 28, 34, 10, 6, 26, 5, 20, 22,
     22, 12, 4, 27, 3, 2, 37, 28, 6],
    [32, 28, 18, 9, 31, 21, 20, 22, 23, 31, 2, 15, 16, 34, 35, 12, 0, 19, 10, 7, 2, 17, 9, 10, 14, 30, 4, 26, 10, 14,
     15, 2, 39, 37, 36, 3, 14, 28, 35, 35],
    [9, 8, 19, 32, 29, 2, 8, 9, 30, 23, 14, 14, 26, 4, 3, 16, 4, 0, 11, 27, 40, 1, 22, 33, 16, 27, 34, 7, 40, 33, 7, 21,
     33, 14, 24, 12, 11, 12, 30, 37],
    [21, 12, 19, 30, 29, 23, 12, 5, 9, 34, 14, 16, 31, 27, 23, 13, 11, 10, 0, 36, 40, 1, 12, 30, 20, 3, 35, 10, 2, 35,
     32, 40, 20, 9, 11, 10, 15, 14, 25, 39],
    [29, 40, 9, 19, 35, 21, 8, 39, 27, 5, 25, 21, 30, 30, 20, 35, 10, 37, 1, 0, 33, 8, 11, 22, 22, 35, 20, 20, 39, 16,
     3, 27, 3, 35, 37, 25, 9, 17, 39, 22],
    [28, 28, 22, 16, 6, 6, 21, 11, 1, 31, 28, 14, 40, 7, 10, 7, 9, 23, 38, 21, 0, 36, 7, 30, 40, 32, 37, 6, 15, 7, 33,
     34, 28, 29, 1, 30, 24, 22, 25, 36],
    [20, 7, 39, 35, 22, 32, 22, 10, 26, 32, 9, 14, 22, 26, 37, 22, 30, 26, 29, 9, 9, 0, 17, 32, 20, 11, 31, 23, 25, 33,
     16, 4, 19, 26, 38, 19, 26, 4, 3, 36],
    [30, 35, 40, 3, 14, 30, 35, 20, 33, 33, 35, 7, 14, 26, 38, 40, 20, 16, 25, 12, 3, 12, 0, 27, 24, 9, 37, 18, 13, 37,
     35, 27, 28, 6, 5, 18, 24, 27, 27, 21],
    [10, 6, 34, 12, 34, 22, 37, 29, 26, 10, 23, 31, 17, 30, 37, 37, 27, 40, 23, 3, 39, 4, 25, 0, 40, 22, 7, 39, 25, 14,
     30, 14, 27, 29, 2, 17, 40, 20, 35, 40],
    [8, 21, 39, 4, 3, 2, 31, 9, 10, 7, 27, 24, 40, 14, 2, 10, 37, 9, 20, 4, 36, 2, 26, 11, 0, 3, 29, 40, 16, 23, 31, 3,
     20, 28, 40, 27, 12, 29, 33, 18],
    [35, 1, 10, 12, 1, 1, 14, 33, 13, 3, 20, 27, 9, 38, 37, 4, 28, 17, 19, 16, 8, 4, 24, 27, 3, 0, 16, 25, 11, 2, 20,
     35, 7, 18, 39, 6, 26, 16, 5, 37],
    [8, 15, 17, 17, 27, 2, 22, 10, 22, 29, 8, 16, 39, 13, 7, 25, 30, 34, 24, 7, 31, 2, 10, 4, 21, 31, 0, 12, 22, 29, 26,
     22, 7, 8, 10, 7, 13, 30, 38, 18],
    [26, 8, 10, 10, 35, 29, 36, 7, 27, 13, 10, 39, 3, 36, 39, 34, 34, 13, 39, 15, 26, 1, 19, 40, 27, 3, 10, 0, 18, 37,
     28, 34, 7, 5, 16, 12, 4, 38, 14, 14],
    [8, 4, 12, 40, 12, 30, 18, 39, 28, 12, 32, 13, 28, 23, 12, 14, 13, 37, 29, 20, 13, 31, 2, 33, 11, 39, 12, 4, 0, 1,
     14, 12, 12, 6, 26, 35, 22, 24, 17, 13],
    [24, 1, 31, 16, 31, 16, 39, 3, 10, 13, 15, 7, 29, 31, 6, 7, 29, 32, 3, 21, 16, 27, 10, 37, 32, 3, 40, 31, 24, 0, 26,
     10, 17, 37, 10, 15, 30, 5, 18, 33],
    [2, 11, 18, 11, 34, 17, 40, 13, 40, 5, 1, 15, 36, 22, 18, 2, 10, 32, 34, 20, 23, 7, 29, 7, 4, 33, 12, 17, 5, 21, 0,
     35, 20, 23, 31, 21, 18, 7, 19, 14],
    [31, 29, 31, 26, 31, 14, 18, 38, 30, 20, 5, 34, 35, 21, 31, 29, 8, 3, 11, 23, 2, 5, 1, 7, 19, 18, 15, 25, 11, 24, 4,
     0, 12, 3, 19, 6, 18, 23, 11, 20],
    [3, 28, 2, 8, 31, 19, 34, 20, 6, 6, 31, 18, 30, 6, 7, 26, 20, 4, 34, 34, 21, 17, 1, 19, 22, 37, 29, 8, 27, 29, 21,
     35, 0, 3, 21, 6, 14, 2, 40, 2],
    [31, 1, 25, 28, 9, 25, 6, 27, 26, 29, 31, 38, 16, 40, 2, 21, 33, 18, 34, 26, 19, 25, 39, 25, 15, 31, 40, 11, 31, 33,
     23, 8, 36, 0, 17, 16, 18, 9, 12, 2],
    [22, 7, 40, 24, 33, 21, 18, 32, 10, 17, 11, 10, 15, 17, 29, 12, 2, 39, 26, 13, 14, 1, 4, 37, 34, 37, 17, 30, 10, 16,
     6, 40, 6, 9, 0, 21, 27, 13, 35, 23],
    [22, 28, 24, 5, 24, 29, 34, 36, 18, 38, 4, 34, 8, 27, 38, 35, 5, 37, 15, 10, 3, 30, 8, 2, 4, 16, 33, 2, 40, 40, 31,
     21, 24, 26, 36, 0, 32, 10, 8, 8],
    [39, 7, 7, 27, 38, 27, 20, 35, 1, 37, 34, 15, 39, 21, 18, 3, 9, 35, 4, 18, 22, 32, 32, 13, 18, 11, 26, 20, 15, 14,
     35, 16, 5, 5, 7, 10, 0, 35, 13, 29],
    [19, 14, 11, 31, 14, 10, 21, 23, 15, 40, 17, 33, 13, 24, 37, 34, 14, 25, 3, 9, 10, 18, 8, 14, 12, 29, 24, 16, 6, 24,
     36, 28, 40, 25, 19, 20, 13, 0, 14, 28],
    [35, 38, 3, 17, 12, 6, 13, 8, 27, 11, 10, 33, 33, 11, 1, 4, 19, 9, 23, 10, 39, 11, 24, 6, 15, 10, 26, 22, 30, 28, 7,
     3, 1, 8, 14, 6, 37, 29, 0, 20],
    [39, 33, 14, 13, 18, 21, 32, 31, 19, 19, 12, 25, 5, 4, 27, 21, 28, 3, 15, 20, 32, 5, 12, 39, 6, 31, 19, 17, 12, 40,
     36, 20, 24, 24, 31, 12, 23, 18, 8, 0]]

M4 = [[0, 0.41401169653808106, 0.43345858704097956, 0.30561347598582644, 0.4658044890441243, 0.3529870954522792,
       0.2888264303444451, 0.223534280287599, 0.3365899226427461, 0.25679716537434394],
      [0.41401169653808106, 0, 0.7380350014440378, 0.11149417443178726, 0.09061788851696391, 0.7169743516222961,
       0.6877131443415797, 0.5805698125395526, 0.29909100657585896, 0.18730436246992854],
      [0.43345858704097956, 0.7380350014440378, 0, 0.659095786499468, 0.7430554355953732, 0.14167828572056976,
       0.25578051985520023, 0.21392178357344446, 0.4779928575408972, 0.5517531039998744],
      [0.30561347598582644, 0.11149417443178726, 0.659095786499468, 0, 0.18444158657909698, 0.623742859881601,
       0.5854116331602536, 0.4861620183210473, 0.271510943388962, 0.118261136117936],
      [0.4658044890441243, 0.09061788851696391, 0.7430554355953732, 0.18444158657909698, 0, 0.7392119442435274,
       0.7236510914942086, 0.6064734384572718, 0.2756706723825838, 0.21485031782018033],
      [0.3529870954522792, 0.7169743516222961, 0.14167828572056976, 0.623742859881601, 0.7392119442435274, 0,
       0.11662684593989708, 0.13766095107763351, 0.49915439785818744, 0.5310007964496882],
      [0.2888264303444451, 0.6877131443415797, 0.25578051985520023, 0.5854116331602536, 0.7236510914942086,
       0.11662684593989708, 0, 0.13581680512755004, 0.5138539601863179, 0.5092173281510194],
      [0.223534280287599, 0.5805698125395526, 0.21392178357344446, 0.4861620183210473, 0.6064734384572718,
       0.13766095107763351, 0.13581680512755004, 0, 0.38121502137523444, 0.39563948252080533],
      [0.3365899226427461, 0.29909100657585896, 0.4779928575408972, 0.271510943388962, 0.2756706723825838,
       0.49915439785818744, 0.5138539601863179, 0.38121502137523444, 0, 0.1612150871695429],
      [0.25679716537434394, 0.18730436246992854, 0.5517531039998744, 0.118261136117936, 0.21485031782018033,
       0.5310007964496882, 0.5092173281510194, 0.39563948252080533, 0.1612150871695429, 0]]

city = [[0.56203436, 0.52368959],
        [0.91984996, 0.3154261],
        [0.18181497, 0.31555607],
        [0.83672379, 0.38972947],
        [0.91930836, 0.22480983],
        [0.2161981, 0.45299892],
        [0.27478611, 0.5538417],
        [0.35350741, 0.44316577],
        [0.64499539, 0.19748376],
        [0.73331226, 0.33235568]]


def matrix_from_city_coords(crd):
    out = list()

    for i in range(len(crd)):
        subarr = []
        for j in range(len(crd)):
            if i == j:
                subarr.append(0)
            else:
                ci = crd[i]
                cj = crd[j]
                subarr.append(math.sqrt((ci[0] - cj[0]) ** 2 + (ci[1] - cj[1]) ** 2))
        out.append(subarr)
    return out
